1.530000000000000000e+02 2.400000000000000000e+01 9.586995244026184082e-01 0.000000000000000000e+00
1.360000000000000000e+02 5.000000000000000000e+01 9.380856752395629883e-01 1.000000000000000000e+00
1.130000000000000000e+02 4.900000000000000000e+01 8.968918919563293457e-01 2.000000000000000000e+00
1.030000000000000000e+02 8.600000000000000000e+01 9.484069347381591797e-01 3.000000000000000000e+00
1.030000000000000000e+02 1.200000000000000000e+02 9.303397536277770996e-01 4.000000000000000000e+00
1.590000000000000000e+02 5.200000000000000000e+01 9.229722023010253906e-01 5.000000000000000000e+00
1.630000000000000000e+02 9.000000000000000000e+01 9.043998122215270996e-01 6.000000000000000000e+00
1.610000000000000000e+02 1.270000000000000000e+02 9.793975949287414551e-01 7.000000000000000000e+00
1.170000000000000000e+02 1.240000000000000000e+02 8.331850171089172363e-01 8.000000000000000000e+00
1.050000000000000000e+02 1.750000000000000000e+02 9.351108670234680176e-01 9.000000000000000000e+00
1.030000000000000000e+02 2.310000000000000000e+02 9.002887010574340820e-01 1.000000000000000000e+01
1.460000000000000000e+02 1.260000000000000000e+02 8.033525347709655762e-01 1.100000000000000000e+01
1.460000000000000000e+02 1.780000000000000000e+02 8.505455851554870605e-01 1.200000000000000000e+01
1.410000000000000000e+02 2.340000000000000000e+02 8.812392950057983398e-01 1.300000000000000000e+01
1.480000000000000000e+02 1.800000000000000000e+01 9.882382154464721680e-01 1.400000000000000000e+01
1.540000000000000000e+02 1.900000000000000000e+01 6.590842604637145996e-01 1.500000000000000000e+01
1.330000000000000000e+02 2.000000000000000000e+01 9.217995405197143555e-01 1.600000000000000000e+01
