1.230000000000000000e+02 5.000000000000000000e+01 9.837172627449035645e-01 0.000000000000000000e+00
1.190000000000000000e+02 8.500000000000000000e+01 9.320089817047119141e-01 1.000000000000000000e+00
8.200000000000000000e+01 8.000000000000000000e+01 9.184826016426086426e-01 2.000000000000000000e+00
6.200000000000000000e+01 1.320000000000000000e+02 9.141982793807983398e-01 3.000000000000000000e+00
7.600000000000000000e+01 1.740000000000000000e+02 9.826902747154235840e-01 4.000000000000000000e+00
1.570000000000000000e+02 9.100000000000000000e+01 8.504223227500915527e-01 5.000000000000000000e+00
1.570000000000000000e+02 1.610000000000000000e+02 8.914775848388671875e-01 6.000000000000000000e+00
1.100000000000000000e+02 1.940000000000000000e+02 9.527494311332702637e-01 7.000000000000000000e+00
9.100000000000000000e+01 1.810000000000000000e+02 7.558352351188659668e-01 8.000000000000000000e+00
5.700000000000000000e+01 2.550000000000000000e+02 3.035330176353454590e-01 9.000000000000000000e+00
1.360000000000000000e+02 1.820000000000000000e+02 7.838150262832641602e-01 1.000000000000000000e+01
1.480000000000000000e+02 2.180000000000000000e+02 8.224573135375976562e-01 1.100000000000000000e+01
1.120000000000000000e+02 4.300000000000000000e+01 9.137701988220214844e-01 1.200000000000000000e+01
1.280000000000000000e+02 4.000000000000000000e+01 9.963403940200805664e-01 1.300000000000000000e+01
9.900000000000000000e+01 4.800000000000000000e+01 8.472175598144531250e-01 1.400000000000000000e+01
1.370000000000000000e+02 4.000000000000000000e+01 5.751053690910339355e-01 1.500000000000000000e+01
